R1 = 50e4;
R2 = 500e4;
R3 = 400e4;
R4 = 1e6;
C1 = 2e-6;
C2 = 0.033e-6;